[Header]
iVersion=2
tOperatorID=94df5565-aad1-4c0f-9cd4-03aded2cca7c
tTimeOfScan=12/23/08 08:59:30
tWebSlideTitle=
lXStageRef=4
lYStageRef=216
iImageWidth=2000
iImageHeight=2000
lXStepSize=8000
lYStepSize=8000
lXOffset=0
lYOffset=0
dMagnification=20
tImageType=.jpg
iFinalImageQuality=80
iAnalysisImageCount=9
iCalibrationImageCount=0
AIL=10.1.80
bHasThumb=1
bHasMacro=1
bHasLabel=1
iLayers=1
iLevels=2
tMPP=0.501000
tDescription=Aperio Image Library v10.1.80  4002x4108 (2000x2000) JPEG Q=80;Aperio Image Library v9.0.22  4080x4208 [0,100 4002x4108] (240x240) J2K/MIL Q=70|AppMag = 20|StripeWidth = 2040|ScanScope ID = SS1268|Filename = 8905|Title = none|Date = 12/23/08|Time = 08:59:30|User = 94df5565-aad1-4c0f-9cd4-03aded2cca7c|MPP = 0.5010|Left = 29.885929|Top = 11.359285|LineCameraSkew = 0.000000|LineAreaXOffset = 0.007394|LineAreaYOffset = -0.016062|DSR ID = uk-cri-lapr01|ImageID = 8905|OriginalWidth = 4080|Originalheight = 4208|ICC Profile = ScanScope v1
tTotalFileSize=1792702
[Level0]
iZoom=1
iWidth=4002
iHeight=4108
iQuality=80
[Level1]
iZoom=2
iWidth=2001
iHeight=2054
iQuality=90
[Da0]
x=4004
y=4216
z=0
[Da1]
x=-3996
y=4216
z=0
[Da2]
x=-11996
y=4216
z=0
[Da3]
x=4004
y=-3784
z=0
[Da4]
x=-3996
y=-3784
z=0
[Da5]
x=-11996
y=-3784
z=0
[Da6]
x=4004
y=-11784
z=0
[Da7]
x=-3996
y=-11784
z=0
[Da8]
x=-11996
y=-11784
z=0
[Ss1]
x=4
y=216
[Ss2]
x=-15996
y=216
[Ss3]
x=4
y=-15784
[Ss4]
x=-15996
y=-15784
